1525718650
1455485540
1298270960
585383380
1146959200
339538790
174519890
114892010
172660620
1192125020
1399128190
2045272730
308317790
1904441350
1754536300
578362060
35147720
2110325740
618756750
1474272550
410230230
1219026040
2112896530
1698244500
1346397020
1253006170
1235165610
1081818120
2093518110
237527240
1863063030
1461733430
1201882260
177435490
1379317750
386035540
436337710
920672820
1482629740
1418110740
291662400
211361670
639775560
1163555160
857510560
931387290
1900436450
102841760
1188890400
1200485450
1982106860
686160450
1789603410
812457510
1333863000
1696687310
1282155690
1934304180
1403078070
209457410
669543810
433024380
643479870
687182390
1333682770
1255882860
1109017730
1367150270
1771087330
297114530
940594400
339307440
1079440030
1004477990
452775950
749890480
158291840
794675820
841380250
460306340
1413921140
1572212980
481287000
971110650
1911125240
535988730
820293240
1662681830
1206596820
588300890
617511880
1050584420
1678903990
2120450830
1743385850
1734269690
1799448910
1268276140
912942390
484032510
1160372310
1769516770
1927037100
1510803770
1680576570
23578030
1146959200
1754536300
1698244500
291662400
1188890400
1333863000
940594400
481287000
1927037100
126208901
550949301
69978401
1356190401
274175601
1080520501
242000501
293391401
1036988501
1588967302
1813350502
797397502
2092593202
949079002
1236544202
858167902
1005339302
1150425502
1409696402
525194203
127462203
1881998503
24587903
951286003
2091029803
387503503
1510820903
1169919704
413724104
389557204
1998332704
2040162304
1779675604
127957504
186649404
920771404
1820032305
1986661505
283898105
1225586105
1413982905
343458405
896120105
1766000605
1247512605
1417097905
1039593005
1297410705
1290957506
2142578206
502676606
191328506
954643406
186665706
1478630106
2009341406
1996773306
689670306
1747631806
1320179707
1010136907
679372607
1204503607
1792212207
1350018307
160786507
1426923708
1710114508
1936826608
1751400608
981594808
444655108
1079550108
1267716308
1510480108
1789904908
1014775508
524863908
1470326409
519589309
1405560909
739942409
1764637209
1387736109
226961709
678520109
2144312109
1078338609
885250709
114892010
1192125020
578362060
1219026040
1346397020
1863063030
1333863000
1403078070
1079440030
481287000
23578030
1333863000
481287000
949079002
951286003
1039593005
328214092
234701052
12681092
123982062
977860082
949079002
1556022062
682499092
185046062
37446082
114892010
2022643011
1288678011
987967013
1615221014
112305014
2102981016
1920299016
1679946018
1666019019
922617094
2063377034
1569087064
112305014
1101369084
1192125020
1346397020
59175021
1121752026
91955027
2027932027
979028028
2087794029
911084056
2102981016
382320046
1920299016
593361076
1121752026
1887938056
1863063030
1079440030
23578030
1772361031
893534031
61360033
2063377034
1842879036
2074514039
123305039
1946187039
390297097
2054914048
1030954048
193236078
1679946018
303376068
1365094088
979028028
1219026040
1642191041
382320046
820772046
2054914048
1030954048
1946187039
1298270960
172660620
410230230
1418110740
857510560
1188890400
686160450
1367150270
1079440030
749890480
841380250
971110650
588300890
2120450830
1188890400
1356190401
1080520501
242000501
1813350502
1510820903
896120105
1766000605
1297410705
1478630106
689670306
1751400608
1079550108
1510480108
1405560909
678520109
885250709
1079440030
977860082
382320046
1079440030
61360033
382320046
125950192
241300212
1630080312
1044410212
2047230914
1850320615
671030116
148810517
1255040918
1102700719
1261370934
887310424
2047230914
1329690894
189480494
1406810824
211070674
892180494
1615850584
1952400944
896120105
1478630106
1079550108
1510480108
678520109
125950192
671030116
2057230129
1478630106
1736620158
336260168
1079550108
1510480108
1885580147
1198630529
109450726
1478630106
382320046
1800430786
1248030576
271150296
998830866
984940326
689670306
410230230
1079440030
2120450830
1044950331
220490431
1125440631
1854010732
1559950333
1977760333
61360033
1261370934
1948720834
463530635
410230230
1367150270
841380250
241300212
1044410212
241300212
1044410212
281390228
271150296
410230230
615870258
1418110740
1952400944
382320046
411920947
1919510847
1885580147
1028060347
885250709
1406830859
1253006170
1982106860
1789603410
1934304180
339307440
460306340
588300890
1678903990
1510803770
126208901
242000501
387503503
1766000605
1204503607
1751400608
1789904908
234701052
112305014
112305014
123305039
588300890
242000501
1766000605
1751400608
241300212
1102700719
1952400944
241300212
241300212
1952400944
336308619
1102700719
2005607634
2048407854
231702754
1952400944
1584102684
1280605994
112305014
1253006170
1934304180
1321809116
1381209135
101508129
1321809116
1381209135
1928705147
1582707147
46905229
1321809116
849708466
1130405326
1758209576
494104256
924507346
473703256
382806836
1535602466
234701052
1516301213
1516301213
2038602252
241300212
241300212
1516301213
1288502215
1524902225
1306903224
1524902225
46905229
494104256
473703256
1452107248
1452107248
46905229
339307440
460306340
450909641
740808943
2032705444
1952400944
924507346
1928705147
634308447
1582707147
855403648
877607348
1452107248
840305948
918908779
46905229
457666124
2109294144
701626744
286272944
951248514
1837638414
1064257974
1045229144
1399128190
1253006170
1081818120
2093518110
1163555160
1934304180
1413921140
1268276140
1927037100
1927037100
413724104
283898105
1225586105
896120105
1478630106
444655108
1079550108
1510480108
1387736109
678520109
2144312109
29632141
889991162
1370896192
5695182
2092951192
125950192
1651871172
896978172
2093518110
2071965115
1390067115
1321809116
682169116
1554081116
111847116
671030116
1027068117
208423118
413724104
1419884174
723882174
240091134
1431284144
2069984144
328967194
1126444134
457666124
2109294144
1045229144
1381209135
283898105
772834125
1081818120
517111123
457666124
772834125
765166125
1938957128
101508129
2057230129
22856146
1321809116
682169116
1328125186
269879196
1478630106
1554081116
1404861136
680363176
714331176
111847116
451049136
1851824176
1821774131
1890028133
240091134
1126444134
1381209135
1404861136
451049136
1359471137
1648399137
334513137
1103078138
263394138
1269918139
625934139
660697139
1926735157
438349198
1736620158
1938957128
1071443188
444655108
336260168
1079550108
1510480108
208423118
1103078138
1413921140
1268276140
29632141
1385973143
803479143
1431284144
2069984144
2109294144
1045229144
22856146
1928705147
1885580147
1582707147
660697139
543258529
1198630529
46905229
1018272956
911084056
143317236
1682695516
2099413546
1167618566
459859546
22856146
46833646
1121693686
1207538716
911036646
1321809116
1810267436
109450726
1893912846
849708466
883954976
954643406
2102981016
148733446
1520682336
1246144286
1130405326
1758209576
682169116
1328125186
269879196
186665706
1478630106
1080393316
61974586
1021137826
1554081116
1955558436
1601428786
382320046
1800430786
1920299016
1404861136
1248030576
428356526
271150296
680363176
36373956
967761246
2009341406
494104256
714331176
1225264356
1722472216
1790921366
28221716
1996773306
1625748466
924507346
1545543626
582119836
473703256
2065222386
1668724376
111847116
737781256
60112356
998830866
693633856
984940326
593361076
689670306
451049136
1159319616
1851824176
382806836
1116121536
1121752026
1747631806
1887938056
324517616
738254616
1609143736
227981666
1759656226
1291146216
1815767716
1459145746
1535602466
491196956
197432596
1359789926
2045272730
410230230
2112896530
1863063030
1461733430
1109017730
1771087330
297114530
1079440030
535988730
1662681830
2120450830
23578030
1044950331
186122531
281561531
279228331
1772361031
220490431
2011688931
1821774131
893534031
1904441350
211361670
102841760
158291840
1413921140
1662681830
617511880
293391401
920771404
1986661505
2009341406
1747631806
226961709
234701052
12681092
1615221014
2102981016
2102981016
593361076
1772361031
1642191041
1477471932
1651871172
1516301213
1615221014
520061514
577521415
1954291315
2102981016
1554081116
28221716
1506291918
402381319
45541954
240091134
126611334
1206051364
520061514
920771404
1413921140
889991162
2092951192
1651871172
1554081116
240091134
517111123
1554081116
1404861136
714331176
240091134
1404861136
1359471137
1413921140
2102981016
1554081116
1404861136
967761246
2009341406
714331176
1790921366
28221716
737781256
593361076
1116121536
1747631806
227981666
1662681830
281561531
1772361031
1477471932
240091134
126611334
2123751635
1404861136
1116121536
1359471137
1041331438
1580691439
232671539
612851439
1516301213
308091275
967761246
737781256
1588971267
967761246
158291840
1413921140
1642191041
1778561541
967761246
886841448
1911125240
820293240
1146959200
2092593202
1236544202
525194203
127462203
389557204
2142578206
1792212207
1764637209
1171159232
2038602252
1468353222
310426292
2092593202
1422176262
241300212
1872836232
1493059282
1236544202
1044410212
2062934252
241300212
1044410212
1516301213
2058028214
1288502215
1722472216
1291146216
1598597217
1910964217
1380267254
2058028214
389557204
1311773284
308091275
1524902225
2065423295
929376221
1468353222
54419223
1306903224
1524902225
1759656226
1043043227
1011518227
163346228
281390228
46905229
143317236
1246144286
271150296
967761246
494104256
1722472216
473703256
737781256
1759656226
1291146216
410230230
566945231
1171159232
1872836232
143317236
1763986237
1192954238
1691743238
696775238
1535386238
479465277
1588971267
1682428297
70926248
1192954238
1452107248
163346228
209479298
1691743238
140665248
696775238
775427258
615870258
237527240
1911125240
820293240
1405346241
2093054245
1362318245
1937197246
967761246
1525718650
174519890
308317790
1081818120
2093518110
1379317750
1418110740
857510560
1109017730
297114530
1572212980
971110650
617511880
1769516770
1169919704
1247512605
1297410705
1792212207
1350018307
1710114508
1267716308
2144312109
328214092
1666019019
922617094
2074514039
2054914048
2054914048
1418110740
857510560
971110650
1297410705
1044410212
148810517
887310424
1406810824
1854010732
1044410212
1044410212
1418110740
1919510847
1410114618
1666019019
1602513434
887310424
963112784
1169919704
922617094
1438818794
1406810824
126611334
583013774
1081818120
2093518110
2144312109
2093518110
1081818120
517111123
334513137
1269918139
143317236
2099413546
1167618566
1893912846
582119836
60112356
1159319616
324517616
1109017730
297114530
617511880
126611334
517111123
126611334
1792212207
1044410212
1044410212
54419223
1011518227
143317236
143317236
1362318245
1418110740
593714842
1354813743
1894717845
1362318245
2099413546
1893912846
685916547
1919510847
1367516947
2054914048
1582217848
272313679
1219243548
835829648
840305948
1486575548
1229029749
2138086949
1593842949
664975569
918908779
1522637359
660697139
231287639
885250709
272313679
2044882439
1946187039
46905229
1207277539
1406830859
