231941
355907
1143618
1161649
1214099
2012192
2108663
2763134
3459672
3894960
4174369
5029179
5599483
5695182
6171692
6680211
7237608
7313454
7768090
7945479
8036930
8571772
8669534
8797542
8965047
9080887
9083619
9297347
9673271
10687333
10697866
11225384
11395360
11485964
12442789
12681092
12785925
12839918
13159488
13292142
14152114
14643393
15324870
15578374
15644851
16384682
16682709
18398014
19122435
19952983
20350372
20911763
21252534
22856146
23034533
23285923
23520534
23578030
23891058
24587903
25620064
26454877
26583749
26713795
26972970
27579269
28221716
28551328
28584387
28804111
29357489
29582071
29623265
29632141
29916496
30312976
31133581
31677492
32088167
32192290
32494507
34382353
34421028
34759190
35147720
36098224
36373956
36622146
36651335
37350089
37446082
37481468
37769159
38260669
38377878
39615043
39727230
40307393
40801558
42886412
43029158
43538032
43919164
43933366
43944227
44180833
45541954
46051470
46461132
46529939
46603275
46833646
46905229
47843143
48046695
48250705
48294375
49026917
49408072
49488551
49552197
49563729
49787005
50301523
50487678
50597261
50647462
50970497
51334168
52076935
52969485
53015906
53132517
53414360
54419223
54702135
57000040
57513936
57985474
59080076
59175021
59496405
59666157
60112356
60137465
60267553
60885671
61360033
61381282
61386692
61550749
61974586
62085515
62758626
63353247
63372663
64102273
64475221
64669694
64671122
65332609
66238910
66240687
66577111
67001349
67396231
67508061
68308299
68397086
68708302
69232950
69459046
69514534
69629427
69978401
70151196
70926248
71233339
72991728
73556109
73737482
74667415
74853911
75100391
76008817
76297234
76336429
76336885
77000071
77581845
77755520
77857397
77869934
78007446
78054733
78114832
78118182
78124163
78300467
79022400
80914437
81004289
81215193
81354274
81700056
81848164
81915684
82566422
83695161
84501289
85021051
85822454
86167528
87088473
88225953
89259326
90449104
90751767
91618408
91955027
92263204
92562624
92675153
92721898
93402873
93544027
94365111
94853185
95123293
95536093
95906988
96050870
96607098
97536393
97567514
97763938
98430108
98913849
99234636
99259828
99543976
100122375
100823575
101342343
101494655
101508129
101900715
102170603
102841760
102987529
103051560
103376357
104318120
105012034
106976518
107015841
107510284
109041542
109145011
109450726
110226556
110288416
111599202
111843875
111847116
112305014
112367176
112958291
113188566
113473591
113761341
113853745
114892010
115109861
116210268
116222730
116299418
116944489
117052594
117135363
117357001
117532276
117771127
120095283
120746653
120937632
121421939
122443494
122641394
122698258
122937879
123002485
123305039
123400823
123900168
123982062
123997776
124455254
124621759
124633531
125196015
125950192
125995989
126208901
126611334
127462203
127957504
128097992
128490444
128625827
128692538
129578571
130334240
130433593
130794372
131396913
132792684
132919669
133295579
133339139
133919776
134080168
134566811
134958512
135266954
135477984
135663662
136063939
136416496
136461349
136642479
137321761
138610869
138774371
139079475
139086043
140665248
140690590
140743810
141139080
141275882
141565930
141849660
142391185
143317236
143741935
144032037
144176439
144365369
145267925
145809613
145845084
146198158
147400066
147412369
148019964
148341775
148618841
148733446
148810517
149128454
149849306
150096443
150239943
150554722
150740166
151244824
151778029
153110117
153234825
153480900
154812312
155439131
156468962
156694570
157025016
157242823
157440391
157605640
157950612
158248798
158291840
159108775
159245637
159480385
159505896
159714853
160051601
160211464
160330878
160350864
160428441
160786507
160867768
161009475
161748199
162813412
162892075
163346228
163551948
163698642
163858503
164015511
164015882
164937651
167213962
167331681
167582326
168075582
169013148
169024156
169872862
170453848
170779847
170991994
171494530
171699525
171773700
171964176
172316377
172660620
173126363
173217923
174519890
175719331
175858069
175958543
176524767
176875826
177435490
178175918
178912138
179535402
179794137
180592419
181235474
182152546
182222737
182295827
182419761
182613768
182637878
182695051
183233025
183834522
184220919
185046062
186037273
186122531
186649404
186665706
186925864
187179206
187730912
188130388
188254975
189480494
189537432
189744446
190320740
191328506
191385407
192523642
192692351
192802608
192877923
192983345
193236078
193554864
193722473
194274171
194319289
195068938
197432596
197566283
197806969
198038001
198891150
198940652
198990478
199130866
199158381
199442605
199486773
199810636
201709963
201751748
202134767
202636152
202925304
203314853
203484343
203898559
204314887
205354856
205653729
206241221
207108195
208423118
208871258
209178967
209438447
209457410
209467220
209479298
210041539
210544835
211070674
211361670
211437915
211966250
212580216
212656266
212760306
212873406
212961738
213205793
213359791
213435888
213885928
214889116
214973273
215559208
216615906
216628090
216684976
217334078
217484167
217496139
217599855
217955283
218193730
219144216
219249767
220209288
220490431
221881884
222384026
222569508
222763770
223581407
223980987
224571843
224981911
225154262
225948055
225959721
226708004
226737024
226961709
227144970
227235435
227275538
227339818
227951976
227981666
228716074
229007675
229359489
230237777
230896710
231287639
231588184
231702754
232008398
232671539
233089346
233344631
233584965
234100123
234701052
234722891
234723838
234821409
235620516
235747236
235768655
236247837
236679790
237315177
237351392
237354816
237527240
237842836
237937431
238358843
239080675
240091134
240344655
240361299
240687680
240799579
240819616
241300212
241746855
242000501
243368758
243788365
243995451
244840164
245770318
245774187
246147183
246644812
248027291
248439402
248794986
249798342
250155790
251963080
252423635
252752959
253215222
253271862
254002972
254092662
255278468
256255299
256344545
256486520
256754561
257482091
257570359
257812198
259072150
259231531
260526339
261018583
261130856
261146805
262009805
262019881
263241788
263394138
263760910
264118469
264749519
266774298
267141259
267457694
267765502
268210016
268860528
269879196
270860862
271150296
271552164
272130334
272313679
273556847
274175601
275142924
275263634
275402408
275739788
276361608
276565522
278064122
278742408
279202754
279228331
279784820
279802204
280566636
281390228
281561531
282032681
282648241
283094136
283342177
283472948
283530373
283731185
283898105
284355311
284400196
284435683
284553998
285215751
285263456
285767235
286147461
286201986
286272944
286489868
287166558
287638666
287778574
288804754
289368902
291308771
291662400
291750056
292153186
292279419
292532524
292783895
293391401
294341451
295016682
296823093
296974703
297114530
298056467
298436833
299137151
299211336
300410629
300732367
301677068
302700106
303068090
303376068
303477816
303541055
303632684
304538322
305791818
306015301
306284302
306582155
307025198
307279443
307531606
307832204
308091275
308317790
308341687
308609511
309175487
309425776
310045150
310426292
310580128
310612047
311154437
311158828
311446805
311455698
311529477
311742332
313029426
313527665
313539958
314464241
314715990
314979291
315218267
315502836
318000089
318536082
318811194
318859064
319024945
319247708
320143096
320184980
320490098
322908521
322924294
323733503
324067483
324122563
324171074
324517616
325822888
326227388
326681438
326722195
326846294
327685269
328214092
328967194
329144916
329223415
329345384
330046821
330229011
330503426
331025016
331232852
331261801
331486313
332826424
333888548
333914315
334284159
334503949
334513137
334900613
335279257
335404731
335596655
335684985
336260168
336308619
336374209
336541832
337002056
337408406
337962240
338067304
338399457
338672156
339218860
339307440
339332052
339391526
339538790
340385730
340572686
340713001
340914987
341060790
341795252
342511603
342583098
343021863
343458405
344025479
344539720
344888640
344934265
345069418
345763160
345869992
345911236
345952377
346659498
347322735
347350635
348134652
348280932
348924864
350474447
351701970
351817033
352689888
352708496
353246790
353820587
354721301
355254357
355485361
355590232
356571163
357473324
358108237
358237785
358270113
358331585
358583323
358758385
359157399
359647592
360498318
362282629
363170548
363403794
364195285
364467258
366686425
366999792
367488373
368001850
368199469
369367546
369481550
370195865
370324527
371182499
372248898
372309349
372884988
375245246
375473502
375772497
375945211
375962815
376193777
376401264
376558089
377352155
377494603
377638421
378359133
378428553
381117833
381258618
381743524
381920698
381939467
382320046
382806836
382820481
383518806
383595923
383865401
384213606
384267802
385517259
385572516
385657333
386035540
386040332
386275389
386991172
387333564
387503503
387761365
388189518
388621659
389353456
389557204
389644426
389989788
390232195
390251857
390297097
390454368
390689571
390801475
391069362
391692651
393087742
393349355
393389459
393542047
394179714
394233692
394301841
394756865
394794378
395077666
395096144
395370974
395391099
397250597
398881801
400622066
400784723
402381319
402408647
402551637
402844147
402869250
402993852
403070601
403173526
403398841
403899381
403985717
404690079
405408291
405420532
405528393
405949233
406380724
406474358
407333414
408677151
408996167
409078629
410040831
410230230
410430779
410707913
410756426
411805472
411920947
411926275
412002071
412156266
412250134
412294365
412683691
413724104
414245477
414478686
416018288
416185455
416344039
417438653
417442033
417513098
418448202
418655612
418964511
419583944
419627042
420123901
420856693
421166365
421181740
421753265
422603356
423164868
423235043
423438284
424480122
424496948
424602082
425308149
425910202
426566505
427038288
427137220
427711823
428356526
428837633
429012454
429220853
429988861
430436068
430758885
431035744
431875608
433024380
433225424
433915640
434403887
434730020
435849206
436141073
436337710
436490636
436846359
438349198
439759227
440378490
440443329
441014004
441468931
442026857
442373940
442805168
443217935
443599001
444027499
444655108
444744716
445915009
446307378
446906074
447045342
447068667
447135697
447257117
448665306
450276267
450909641
451044630
451049136
451159379
451659003
451711252
451773400
452034113
452608427
452775950
452800019
453827962
454093608
454655561
454733523
454792562
455482778
456648542
457666124
457777646
458067395
458471997
458829632
459859546
460306340
461554073
461579615
462394940
462621563
463053447
463523756
463528557
463530635
464110231
464171310
464466886
464555257
464995827
465430431
466069910
466224478
466409461
466907021
467858684
467872144
468107279
468362025
470624609
470684639
470921301
470976596
471146594
471283393
471822320
472693694
473025570
473198521
473687799
473703256
474533717
476775096
477313793
478802449
478873942
479344648
479465277
479654309
480094476
480138622
480200660
480709114
480780625
481287000
481585328
481815511
482563812
483129003
483198497
483703454
484032510
485920666
485953448
486206229
486668302
486702402
487148081
487996483
488237553
488613712
489253519
490626423
491196956
491256253
491617120
491790343
492131582
492707711
492935089
493145261
493323264
493716081
494104256
494239413
494823675
494953612
495178437
495846664
496264593
496378515
496724743
496837874
496865374
497259748
497394643
498334927
498849643
498946848
499237938
499381486
499622270
500318773
501096755
501606396
502288570
502676606
503282088
503416453
503563474
503814016
504217171
504265459
504519888
504809495
504822033
505173050
505477309
505506534
505892041
506089787
506480769
508849452
509092562
510926812
511383927
511390389
512086512
512502242
512961467
513095806
513237594
514147628
514536582
515616599
515742246
516907059
517111123
517906092
518143272
518507587
519589309
519622781
520061514
520224180
520410125
520539172
520638916
520655390
520824166
521191678
521222799
522006447
522062095
522503111
522698854
522927219
523285368
523864498
524087317
524417738
524792034
524863908
525194203
525969666
526157743
526464566
526651214
526773650
526806337
527485903
528065265
528484500
528675473
529033449
529120318
529514429
530262173
530380418
530570992
531194973
532536221
532886546
534304204
534970542
535168373
535486026
535647489
535988730
536512147
537839588
538266440
538374341
539777809
540226548
540357976
540378311
540484131
541521534
541766908
542803316
543258529
543259204
543449608
543527768
544207790
544540889
544777387
544879173
545605811
545650419
545665372
546042775
546468210
546657856
549736838
549991661
550220251
550949301
551540396
551871342
552908658
553374287
553788260
554552111
555351815
555511365
556098684
556234487
556284864
557104186
557373981
557509251
557808845
558689874
559089593
559424526
559916344
560041626
560069772
560648612
561895413
562894808
562965076
563064444
563072112
563599964
564850623
565102929
565763866
566945231
567622991
567676455
568067323
569981382
570272722
570498255
570541877
570978115
571649532
572316773
572386637
574553931
574668451
575410891
576026972
576676357
577193027
577372718
577521415
577764970
578050181
578155688
578362060
578400412
579097760
579122419
579322376
579529964
580283359
580640956
581760999
581915382
582019690
582074771
582089301
582119836
582914564
583013774
583368533
584283256
584783923
585129352
585214852
585383380
585786533
586122874
586532289
586565911
587000078
587079546
587215892
587316347
587714470
588300890
589461403
589705401
590222254
590945373
591148545
591177314
591184221
591405607
592117297
592284276
592400006
592644173
593159425
593361076
593714842
593937286
593999845
594008410
594457527
594537807
594611796
594973343
594987241
596226664
597386520
597488926
598948329
599674809
600459554
601075159
601100761
601215355
601285846
601840988
602011883
603047722
603785095
604066636
604319343
605001470
605756742
606758767
606886958
606924484
606937486
607390406
607496412
607511043
607602598
608007317
608765720
609111485
609273423
609357463
609489447
609829939
610281721
610520282
611107976
611630489
612502086
612743277
612851439
613527705
613891010
614230304
614603978
614706781
614986439
615870258
616115338
616134352
616584736
617248027
617511880
617600516
617776736
617889788
618340216
618464895
618756750
620695113
621033322
622175129
622615987
623321953
623413486
623413618
624305149
624779227
625252037
625555743
625585705
625934139
626088949
626380588
627365646
628218128
628442296
629418005
630287285
630822298
633646430
633893513
633980686
634124770
634308447
634426363
634549275
635012712
635247460
635515295
636017604
636288828
636450737
638273793
638772729
639065056
639775560
640182798
640255493
640799722
640908447
641545793
642990155
643024959
643418207
643479870
644968956
645124431
645771324
645848539
646148889
646172912
647162647
648336567
648803774
649147456
649308200
649399518
649788853
650059762
650839667
650949566
651083225
651234569
651291120
651409037
652777732
652989388
653422835
653769155
653920107
655002862
655177875
655369981
656263862
656415379
656862784
657290280
657382901
657760845
658532978
659351144
659732379
659862386
660032491
660216780
660311798
660697139
660960463
660969405
661251161
661270731
661277184
661619411
661789767
662438384
662970263
663155793
663315828
663439843
663660839
663807102
664394600
664463893
664485535
664489124
664975569
665862053
666076685
666994207
667009875
667433585
668826237
668995215
669263681
669420013
669543810
670516585
670519070
670585950
671030116
671096607
671418352
672067655
672268786
673317572
673536787
674689331
674917660
675012608
675176691
675360687
676051270
676151636
677909781
678175031
678354291
678481874
678520109
679372607
680363176
680648791
680767013
681016035
682047194
682169116
682189277
682499092
682897738
684524369
684821170
684834114
685281571
685916547
686160450
687182390
687829796
688538527
688685392
689215146
689236976
689670306
690511267
691899273
692148658
692203667
692218540
692904446
693633856
694627542
695227762
696088169
696426239
696627338
696775238
696879888
697005160
697519750
697601377
697729658
698285375
698320904
698389453
698676136
698749846
699751254
700267651
701084340
701446612
701506333
701626744
702131391
702186954
702850976
703607380
704046685
704457030
704783501
705550365
705839380
706053465
706242697
706361213
706453294
706682507
707440263
707797642
708061222
708343163
709064476
709176734
709407492
709558567
710268530
710722294
711305846
711910471
712219698
712306123
713191835
713266417
713495694
714331176
714979649
715776988
715784399
716940310
717370369
717801843
717988963
719266497
719942552
720062352
721246555
721796984
722020689
722447751
722757956
723263426
723882174
724404981
724654589
724883956
725452064
727249523
727988555
728831299
728881986
728967628
728981797
729322946
730244734
730587785
731258885
731684281
731930929
733374925
733511711
733683573
736324691
736416250
736434780
736979846
737364819
737781256
738254616
739074029
739942409
740078626
740256597
740808943
742108770
742928004
745017321
746213733
746861937
746931303
746986393
747202506
747369056
748587651
749210729
749392112
749890480
749984273
750428585
750814846
751632371
751720330
752232287
752331490
752450592
755070880
755578471
756559916
756635921
757260301
757275912
758132585
758248641
758508825
759454590
759616032
759761876
759880408
760137054
760470406
760963430
761184597
761592371
761678543
762082151
762453904
763290709
763376851
764863733
765045053
765166125
765301357
765478491
765940306
766212275
766293051
766637040
767188704
768084273
768514755
768616497
768865528
769016058
769244574
769883397
770805530
771041355
771074381
771251446
771472198
771474759
772172549
772532787
772692260
772834125
773106673
773631325
773639560
773876069
773913687
774062942
774823785
775427258
775595724
776896645
776972273
777573651
778362966
778533218
778556284
778961545
779378523
779499549
779503157
779756106
779818914
780145311
780675491
781115379
781774866
782275530
782913010
783084306
784859151
785156365
785309904
786207782
787025921
787384468
787519706
787694498
788293262
788372827
789378538
789911359
789952273
789995828
790437356
790899299
791187403
792422350
792854336
793867334
794071187
794518404
794675820
794890762
795216818
796459219
796473968
797350812
797397502
797639756
797997396
798158048
799339547
800221774
800814022
802607746
802934086
803479143
804774441
805115346
805515987
806142912
807322506
807538815
808472938
808781212
809083149
809221006
809339525
810007819
810147625
811083739
811455677
811668461
811912573
811958859
812392599
812457510
812973404
814302267
815132938
815698904
816483553
816677806
817472539
817733557
820139874
820251390
820293240
820772046
821543729
821693649
822386632
823085434
823768800
823793349
824479367
824862511
824882999
824929911
824997326
825519635
827343239
827383955
828425080
829333367
829371882
830066335
830541437
831376555
832384560
832510953
832868272
833296295
833587444
833716478
834000792
834200022
835504248
835660834
835829648
838073880
838159850
839009622
839096589
839363519
839807762
839835203
840305948
840308628
840378270
841380250
841716213
841842364
842404038
842925842
846265911
846613859
846791275
847098100
847131131
847288658
847291579
847920462
848318478
849656530
849708466
849780319
849856913
849960792
850035219
850128505
850188297
850446488
850673231
851096154
852317747
852472243
852473417
852520967
853462343
853783679
853848855
854269310
854342679
854758631
854922312
854978406
854992313
855018549
855403648
855756298
856116148
857510560
857617410
858167902
858531349
858905348
859405355
860189118
860737655
861569250
861598050
861612332
862188442
862483694
862495207
862823818
864713535
864741225
865374523
865414159
865520470
865561092
867628433
867753158
868390951
868923220
871016912
871100807
871902066
872159659
872322515
874129072
874436119
874550962
874588063
874857443
874881028
874992752
875584229
876024954
877402967
877607348
878564367
879892775
880164040
880985686
881341530
881662445
882235863
882926614
883627793
883954976
885250709
885323733
885504319
885909572
886788823
886841448
887310424
887762784
888372399
888693286
888695745
889169459
889991162
890001087
891792597
892180494
893488381
893534031
894385591
895059397
895555447
895707060
896120105
896706267
896978172
898276691
898355617
900022739
900584627
901106181
901931256
902758915
903038185
904035773
904058254
904181481
904886694
905417452
906661126
907586619
907699320
908687346
908862803
909433453
909567082
909785682
909810509
910382140
910452407
910640184
911036646
911084056
911961034
912456630
912542740
912942390
914283299
914870250
914882041
914891253
914939532
914993059
915523871
915710702
915924956
916733483
917257729
917615689
917703083
918316620
918715590
918908779
918953373
919024111
919884746
920672820
920729552
920771404
920898034
920941458
922216728
922617094
924507346
925861711
925940695
926032822
926942378
928093238
928450963
929131660
929376221
930048351
930239156
930270307
930427848
931025558
931307752
931387290
931508668
931838266
932404512
932574352
932650377
932880989
933016853
933465269
933625477
933778967
935083821
935388741
935622063
935967402
936043673
936574878
937168435
937210325
937989014
938029397
938413425
938607681
938846775
939346687
939362985
939410250
939687387
939903363
939994070
940594400
941139747
941831453
943442162
943590211
943608704
943824892
944637968
945887057
946891488
947038717
947306857
947902993
948200149
948204281
948311333
949079002
949189373
949532561
949581416
949639797
949814697
950774939
951248514
951286003
951394105
951496829
952060664
952175800
953142604
953406297
953719414
953731981
953793924
954442227
954643406
954669900
955723139
956142557
956397299
956471086
957217780
957688812
958366971
959118944
959711379
959967158
960336051
960983407
961013352
961238119
961256868
962028060
962842831
963006536
963112784
963668208
963889285
964045147
964304239
964705425
965685376
965716867
965845342
967294804
967761246
968227300
969233240
969705842
970065771
970837692
971110650
971700020
973130783
973226784
973443687
974227578
974322109
975253868
976216272
977860082
978410811
978548563
978562394
978568217
978984120
979028028
979061225
979536124
980087202
980480840
981072564
981594808
982141056
982530619
982628225
983180983
983612098
983629654
984304675
984310745
984940326
985324016
985349618
986212799
986807924
986810695
987149140
987456946
987635959
987967013
988826172
989148693
989993943
990486541
990566088
990795218
990913746
992406840
993347896
994232276
995544933
995617372
995936856
996087511
996771026
996778969
997235771
997245428
997495360
998045479
998811015
998830866
998932386
998941189
999149544
999490137
1000124605
1000183011
1000651786
1001774609
1002280052
1003663795
1003885679
1004031575
1004113411
1004257881
1004477990
1005216438
1005339302
1005722634
1006253935
1007508275
1007527390
1007769307
1008079225
1008602294
1009539239
1010136907
1010396259
1011233350
1011499488
1011518227
1011628527
1011736387
1011833288
1012322694
1012459190
1012568734
1012841827
1013278919
1013560753
1013699104
1014430099
1014775508
1015169565
1015303932
1015514337
1015582387
1015858720
1016146482
1016539365
1017853111
1018181383
1018272956
1018416599
1019160467
1019776748
1019996782
1020748488
1021137826
1021939811
1021964180
1022041869
1022128284
1022321111
1022389013
1022697681
1022799264
1022961424
1023378648
1023796490
1023920863
1024013639
1024845937
1025686473
1025775976
1026713470
1026907228
1027068117
1027751083
1028060347
1028069587
1028996711
1029070560
1030030032
1030040242
1030208568
1030954048
1031124948
1031628371
1031688742
1032179749
1032315437
1032574877
1032669398
1035282341
1035284065
1035920952
1036218962
1036635338
1036756173
1036988501
1037458157
1037694500
1038192668
1038539644
1039588935
1039593005
1039876265
1039893176
1040077834
1040096672
1040216679
1040245596
1041273558
1041331438
1041408604
1043043227
1043046008
1043056593
1043078218
1043348044
1043796080
1044112663
1044410212
1044599707
1044710864
1044874222
1044950331
1045229144
1046251744
1046326420
1047497594
1047546140
1047839132
1047972838
1048193840
1048404593
1048951402
1049353332
1049580696
1050077161
1050207301
1050578290
1050584420
1051001488
1051189339
1051517653
1052230789
1052369022
1053757792
1055263611
1055500710
1056267682
1056608905
1057095682
1057260805
1057809218
1057811357
1058793261
1059155976
1059167677
1059196941
1059258057
1059536896
1059746541
1060047308
1060114671
1061056023
1061268874
1063367417
1063437696
1064131740
1064198437
1064257974
1064447011
1065154216
1065338916
1065339234
1066854667
1067222642
1067444009
1067700106
1068302610
1068877997
1069536878
1069823634
1070544387
1071095313
1071377098
1071443188
1072152156
1072850628
1072964631
1073572551
1073955051
1074236534
1074918048
1075143474
1075237492
1075314710
1075762101
1076790957
1076987903
1077212034
1077515267
1078198290
1078338609
1078589633
1079338062
1079440030
1079450112
1079550108
1079587804
1079643022
1080393316
1080520501
1080784271
1081423886
1081818120
1082751648
1083442478
1084200954
1086774272
1087639773
1087731891
1087803780
1088475159
1089128736
1089718080
1089745499
1089868304
1090275920
1090526135
1090585551
1091358150
1091952014
1092355043
1092919633
1094137889
1094518132
1094523578
1094924751
1095118459
1095266968
1096394945
1096835560
1097927653
1098005697
1098559372
1098569050
1098715195
1099010411
1100383640
1100624690
1100702880
1101134867
1101369084
1101462684
1101736773
1101768988
1102267297
1102394678
1102700719
1103078138
1103186961
1103502435
1103515498
1103578260
1103584620
1103769986
1103954841
1104272724
1106234295
1106384466
1106417621
1106422955
1108174476
1108202925
1108442747
1108566596
1108745784
1109017730
1109768570
1109921315
1111148902
1113424342
1113755714
1113943153
1115492924
1115954748
1116121536
1116300369
1116624056
1117558382
1117899006
1118821710
1120330199
1120483874
1120718028
1121222566
1121693686
1121752026
1122605675
1122878887
1123015466
1124323438
1124403211
1125293590
1125440631
1125499875
1125659521
1126444134
1128756163
1129594292
1129712544
1130405326
1130519832
1130792861
1131486857
1131675556
1131948523
1131952972
1132930626
1133156601
1133616159
1133661566
1134319959
1134325204
1134344263
1134726804
1134824040
1135496338
1135651296
1137430602
1137431378
1137484264
1137582910
1137779374
1138202075
1138913663
1139336506
1139544188
1140127719
1140627443
1140650762
1140723409
1140759939
1141829572
1142019628
1142410297
1142718916
1143477875
1144006968
1144114766
1146922171
1146959200
1147421191
1147887224
1148365679
1149089793
1149557856
1150425502
1150450238
1151251987
1151509605
1151875158
1152441800
1153895783
1155340151
1155400657
1155558834
1155636678
1155743724
1156619815
1158446158
1158934142
1159319616
1159348985
1159405839
1159609095
1160299808
1160372310
1160699592
1160992373
1161084534
1161188027
1162571511
1162891929
1162938693
1163555160
1163648580
1163660093
1165076176
1165299545
1166078135
1166437772
1167000302
1167071971
1167322651
1167618566
1167644760
1168155913
1168536530
1169084197
1169298092
1169919704
1169990384
1170162427
1170188310
1170757172
1170969893
1171011052
1171103162
1171159232
1171331823
1171677510
1172001394
1172376978
1172844170
1173106946
1173323166
1173613560
1173987788
1174437447
1174755397
1175207788
1176285949
1176853636
1177034717
1177781252
1178006261
1178361185
1178478955
1179251986
1179800640
1180187247
1180893914
1180969411
1181223499
1181650258
1181840667
1182367118
1182687386
1183588136
1183671775
1184221922
1184347482
1184422035
1184606023
1185928693
1186244256
1186988320
1187187810
1187768184
1187904622
1188536031
1188785413
1188831968
1188881527
1188890400
1188946625
1189355432
1190004451
1190474712
1190730333
1190968566
1191278992
1191955624
1192069677
1192125020
1192954238
1193332367
1193517877
1193734597
1195525292
1196102972
1196129994
1196686714
1198630529
1199258795
1199315432
1199655411
1200485450
1200673885
1200775880
1201882260
1202421201
1202493097
1203479409
1203533046
1204128615
1204412504
1204486326
1204503607
1204999346
1205271947
1205538724
1206051364
1206596820
1206910893
1207227986
1207277539
1207414398
1207538716
1210236755
1210384351
1210480270
1210544974
1211085305
1211629384
1213183852
1213389594
1213451761
1215149846
1215622491
1215688668
1216394267
1216823554
1217482684
1217723632
1218228088
1218346922
1218463969
1218660949
1218981918
1219026040
1219216866
1219243548
1219367399
1219539791
1219837351
1220252113
1220558017
1221034922
1221259430
1221907935
1222233524
1222578930
1222970590
1222979223
1223011430
1223539888
1224548386
1224992442
1225264356
1225586105
1226623368
1226623521
1227022536
1227027600
1229029749
1229707204
1230744209
1232560851
1233637798
1234383336
1234641394
1235004977
1235165610
1235504270
1235865202
1236180843
1236281463
1236544202
1236572744
1236690614
1237021102
1237641104
1237783378
1237806336
1238605475
1238754777
1239552990
1239981800
1240094153
1241879763
1242089549
1242201316
1242289067
1242332957
1242476090
1242631206
1243382121
1243808999
1244135904
1244749575
1245861068
1246098271
1246144286
1247271241
1247303431
1247512605
1248030576
1248034631
1248792832
1249305063
1249458388
1250374265
1250779876
1251586155
1251880196
1252052966
1252822700
1253006170
1254056359
1254552558
1255040918
1255183048
1255471895
1255629504
1255882860
1255998514
1257877959
1258046961
1259137961
1259690990
1259859847
1260007818
1261370934
1261638606
1261983936
1262437636
1262634095
1263391878
1263489974
1263784084
1265052411
1265462126
1266288714
1266577635
1266650865
1266843130
1266849471
1267716308
1268276140
1269432297
1269575541
1269918139
1270034584
1270262659
1271137306
1271263353
1272408160
1272475673
1272521989
1273452724
1273960677
1274602231
1274845695
1275336519
1276025089
1276273022
1276344012
1277640895
1278359654
1278440151
1278603179
1278773136
1278915339
1280605994
1281256153
1281937033
1282155690
1282620187
1282836473
1282845538
1283165122
1284554524
1284912622
1285065924
1285543427
1285592928
1285666524
1286536492
1286824788
1287451997
1287917802
1288420718
1288502215
1288647121
1288678011
1290708046
1290826295
1290924851
1290955874
1290957506
1290995666
1291146216
1291703725
1292299476
1292398988
1293308157
1294103411
1294317755
1294440489
1295015098
1295961677
1296461754
1296775858
1296900118
1297143918
1297410705
1297582773
1298245848
1298270960
1298955868
1299097544
1299239440
1301105559
1301486627
1301679317
1301697349
1301839093
1302116325
1302296226
1303914228
1303959059
1304502663
1305096759
1305350736
1306214556
1306250261
1306370924
1306476955
1306484710
1306508621
1306765764
1306903224
1306944622
1307548160
1307710083
1308119794
1308150843
1310427550
1310785169
1311773284
1312474849
1312498147
1312660261
1313059710
1313229295
1313840871
1313976185
1314031039
1315393688
1316009266
1316417917
1316433629
1317091823
1317100692
1317415379
1317781880
1318092497
1318324288
1318360192
1318513989
1318656215
1318994602
1319295074
1320030474
1320171601
1320179707
1321200724
1321809116
1321927784
1321960862
1322374541
1322378049
1322978574
1323032834
1323184535
1325776825
1326828547
1327256669
1327459307
1327505335
1327640077
1327773235
1328125186
1328771877
1329004751
1329359278
1329690894
1329894829
1330173261
1330174560
1330195429
1330326657
1331432911
1331502088
1332747839
1332818226
1333442799
1333682770
1333863000
1335622818
1335938271
1336082715
1336214664
1336551627
1336572265
1336734753
1338607061
1339547829
1341291665
1341969478
1344228700
1344339211
1345794139
1345965738
1346397020
1347204082
1347323450
1349217819
1349921539
1350018307
1350283368
1350611615
1350636159
1350695748
1351258338
1351640821
1351865680
1352166947
1352282431
1352817234
1352995488
1353607997
1354813743
1355683359
1355829415
1355947123
1355991344
1356190401
1356206639
1357001353
1358051518
1358104277
1358403529
1358654189
1358886090
1358916826
1359116066
1359471137
1359789926
1361078307
1361264156
1362235515
1362318245
1363038771
1363090499
1363486265
1363746964
1364692367
1364826897
1365067640
1365094088
1366289636
1367081548
1367150270
1367238544
1367516947
1367727384
1367847557
1368202096
1368430201
1368501790
1368784126
1368799189
1369630041
1369778788
1369795598
1369895849
1370082787
1370592808
1370896192
1370988890
1371120569
1371314550
1371708988
1373066814
1373139673
1373739314
1373805889
1373974674
1374237838
1374486895
1375227898
1375450880
1375672434
1376039627
1376672403
1377171491
1377368813
1377972134
1378386520
1378863416
1379317750
1380267254
1380332033
1380504479
1381209135
1381474797
1381537901
1382293290
1384280057
1384911494
1385904181
1385973143
1386188484
1386302006
1386425177
1386986472
1387558561
1387702013
1387736109
1389343734
1389535486
1390067115
1390073643
1390083461
1390481112
1390498773
1391072682
1391707982
1391862877
1392456659
1392972557
1393095116
1393854620
1393909480
1394077898
1395016459
1395364260
1395809245
1396140887
1396893502
1398096990
1398191604
1398503478
1399128190
1400409490
1400906500
1401349357
1401671371
1401892658
1401907054
1401916169
1402151795
1402271080
1403078070
1403912905
1404861136
1405346241
1405560909
1406016866
1406145456
1406267517
1406810824
1406830859
1407062397
1407898863
1409696402
1410114618
1410351771
1411393175
1411428524
1411467611
1411588664
1411725688
1412180013
1413023391
1413921140
1413975418
1413982905
1414018048
1414501834
1415218100
1415537544
1415675222
1416000888
1416077625
1416524055
1417097905
1417480610
1417652317
1417904210
1417919641
1418106294
1418110740
1419884174
1419980821
1420184619
1420695014
1422012101
1422176262
1422650261
1423178971
1423735075
1424048294
1424988744
1426148683
1426654359
1426800747
1426892294
1426923708
1427655614
1429334863
1429613664
1429852303
1430622240
1430824965
1431195314
1431284144
1431320968
1432202759
1432249267
1432522950
1432696512
1433238667
1433573976
1433929471
1434087047
1434419558
1434493031
1434545129
1434583850
1434596067
1435389366
1435535100
1435847138
1436063282
1436102328
1436610151
1436996212
1437064375
1437585986
1437817927
1438298660
1438818794
1438917572
1439376986
1439589908
1439826483
1439899026
1440664747
1442730114
1442733877
1443779620
1444388007
1445118393
1445409352
1445503536
1446851984
1446998240
1447154808
1447297712
1447785519
1448163157
1448273999
1448603172
1448997450
1449015465
1449436452
1449888333
1450031666
1450695912
1452107248
1452635218
1453259654
1453707143
1454104952
1454239551
1454308409
1454782075
1455240545
1455345986
1455467290
1455485540
1455996567
1459145746
1459559816
1459633036
1459721385
1459759365
1460170955
1460294782
1460506739
1460897882
1461091340
1461432267
1461480087
1461733430
1461967018
1462404277
1462955816
1463149073
1463251937
1463737216
1463759730
1464102732
1464538661
1464585852
1464865490
1465229745
1465826154
1465880291
1466391495
1466634194
1467532846
1467878784
1468042312
1468353222
1468980552
1469315409
1469406015
1469738433
1470317965
1470326409
1471604620
1472343375
1472390864
1472506269
1472950284
1473213212
1473445571
1473600316
1473622970
1474272550
1474354368
1475327497
1475350409
1475688697
1476875622
1477016593
1477191400
1477471932
1478467487
1478630106
1478654754
1478860761
1479464190
1479926336
1479983452
1480045944
1480685833
1480696818
1481249598
1481652268
1481791153
1482306397
1482629740
1483291955
1483457344
1484214573
1484426179
1484590776
1485389437
1485519854
1485604993
1485635745
1485911728
1486500161
1486575548
1486609454
1487650112
1487833977
1488740802
1488963075
1489157979
1489369700
1489715821
1490283529
1490619736
1490698213
1490794761
1491975962
1493059282
1493115526
1493434308
1494302830
1494646004
1495041633
1496416151
1496585275
1496815959
1497769015
1497875422
1498006873
1498786574
1499601395
1499796039
1501374065
1501646745
1501938676
1501961588
1502336521
1502758055
1503930143
1504050235
1504539157
1505792053
1506291918
1507623872
1507862322
1508301989
1508515803
1508647496
1508978918
1509236929
1509322684
1509929724
1510116672
1510480108
1510803770
1510820903
1511558391
1511668584
1512345671
1512714692
1513881935
1514389688
1514587339
1514899164
1515246087
1515425371
1516173792
1516181814
1516289717
1516301213
1516984615
1517440070
1518028113
1518392173
1519182666
1520041522
1520222541
1520682336
1521121325
1521173712
1521566596
1521641977
1522336912
1522465349
1522494517
1522637359
1522786741
1523146389
1524902225
1525718650
1526043979
1526143486
1526285455
1526515615
1526832824
1526847481
1528028242
1528304881
1528767529
1528848667
1528991776
1530750241
1531700154
1531893840
1531963679
1533520552
1534049088
1534546618
1535386238
1535602466
1535700167
1535802872
1536301664
1537347814
1537353651
1537372760
1538858417
1539755495
1539970298
1541507795
1542001891
1543245206
1544087181
1544321689
1544999094
1545190985
1545216463
1545443488
1545543626
1545670895
1545700583
1546107575
1546305439
1546634817
1547254355
1547403215
1548882564
1549129177
1549628441
1550002900
1550163664
1550548768
1550610231
1550638651
1551002352
1551249503
1551904922
1551975615
1553019196
1553121687
1553147870
1553318478
1553321466
1554081116
1554389971
1554666008
1554713907
1554803403
1554929931
1555108826
1555118995
1556022062
1556345830
1556536673
1556662240
1558102328
1558336621
1558525179
1558934920
1559089580
1559682282
1559950333
1560522647
1560755852
1562839047
1563162894
1564654713
1564682770
1566082507
1568351870
1569087064
1570390526
1570437885
1570479683
1570623672
1570991762
1570991852
1571399926
1572212980
1572932760
1572946536
1573172797
1573429326
1573766072
1574709676
1574736688
1574846033
1575362195
1575392083
1576671342
1576740408
1576833943
1577134711
1578445157
1579502265
1579598793
1579623722
1579675417
1579965508
1580459594
1580691439
1580761391
1581381675
1581407628
1581576282
1581702034
1582217848
1582362461
1582707147
1584102684
1584319136
1584730587
1584889327
1586005390
1586330854
1586608324
1586867548
1587635386
1587689654
1587712374
1587812943
1588667744
1588770083
1588967302
1588971267
1589031181
1589302587
1589983207
1590624041
1591643060
1592869673
1593347491
1593755184
1593842949
1594401950
1595021915
1595095929
1595199141
1595214235
1595653081
1595665636
1595982822
1597068893
1598012464
1598597217
1599082393
1599800378
1600170888
1600356039
1600892929
1601381921
1601428786
1602044362
1602160348
1602431111
1602513434
1602566941
1602638260
1603115753
1603839197
1604063735
1604106251
1604147161
1604174764
1605535795
1605662059
1605909096
1605986392
1606369430
1606516744
1606523957
1606678342
1606728887
1607756227
1607811345
1607813738
1609143736
1609278014
1609882064
1609904351
1611122561
1611631358
1612793600
1613142753
1613144923
1613162201
1613171525
1613318416
1614381113
1615221014
1615447977
1615728300
1615850584
1616053405
1616528944
1616657812
1616692464
1616916481
1617438723
1617451866
1617744052
1617817729
1618093105
1618889097
1619267891
1619695315
1620629168
1621214083
1621527046
1621737800
1622180731
1623172221
1623183477
1623863064
1623971961
1624501583
1624884863
1625496882
1625748466
1626719140
1627138986
1628153603
1628469794
1628631873
1628928827
1629076880
1629221828
1629450867
1629577578
1629658950
1629849850
1629898502
1630080312
1630308583
1630889307
1631205956
1631528932
1631558332
1632283887
1632519599
1633033057
1633666695
1633692929
1634487523
1634624672
1634828344
1636604402
1636896935
1637070502
1637357814
1637447543
1637598975
1637816841
1638292394
1639101360
1639639144
1639946146
1640594659
1641896238
1642191041
1642782019
1644213551
1644836078
1645140129
1645255105
1645653187
1647248036
1647391102
1647431929
1647565553
1647744519
1647950315
1648067930
1648204301
1648218329
1648399137
1648402964
1649151087
1649590006
1650834577
1651367252
1651871172
1652652569
1652700624
1653462965
1656478120
1656716539
1656966691
1657821903
1658236784
1658406893
1659483856
1659579574
1659773988
1659827399
1660082995
1660360695
1660931286
1661160482
1661308228
1661573486
1662260169
1662312352
1662455854
1662681830
1662782597
1662858400
1663222612
1663923617
1664050167
1664160831
1664347705
1664523361
1664708337
1664834601
1665634512
1666019019
1666236212
1667422493
1668158921
1668724376
1669195483
1669408836
1669484732
1670352662
1670386431
1670998697
1672467411
1672764087
1673158665
1673643413
1673828236
1673834945
1674441826
1674663509
1674815088
1675566255
1676716997
1677837614
1678295289
1678391979
1678580186
1678730792
1678903990
1679191515
1679946018
1680278713
1680576570
1680770524
1681403447
1681433801
1681548493
1681769428
1682428297
1682531672
1682695516
1683529901
1684308887
1686225970
1687434998
1687639277
1688482786
1688581992
1688913873
1689714120
1689796416
1690097484
1690484881
1690724654
1691242586
1691483519
1691743238
1692743815
1692948366
1693049032
1693285679
1693541849
1693681246
1693804638
1694372830
1695206063
1696687310
1696998204
1697360897
1697364667
1697668595
1698107793
1698244500
1698764495
1698767218
1699168040
1699338878
1699683899
1700681343
1701103294
1701361350
1701852248
1702278865
1702839527
1703073833
1703306589
1703601281
1703810124
1704128343
1704694437
1705547542
1705748057
1706985057
1707023933
1707088492
1707158748
1707367666
1707394555
1708982716
1708993656
1709016224
1710114508
1711053955
1711944059
1712296204
1712353305
1712648190
1712843387
1713505882
1713616350
1713716700
1713863759
1714776779
1715068908
1716401815
1716432743
1716644483
1716794563
1716890715
1716931565
1718331849
1718498252
1719076242
1719663357
1720086961
1721121118
1721207280
1722037332
1722040724
1722062510
1722281762
1722472216
1722616740
1722797706
1723768814
1723776744
1724000371
1724539939
1724990843
1726414625
1726610027
1726699716
1726917834
1728038178
1728045798
1728688910
1729346421
1730041375
1730605883
1731211308
1731304004
1731589734
1731954110
1732170426
1732535915
1732607069
1733046146
1733730176
1733937172
1734103481
1734162471
1734269690
1734602598
1734915736
1735236110
1736050546
1736130268
1736438247
1736620158
1737011764
1737181455
1737561436
1737939352
1738478951
1738814877
1738880121
1739217501
1739841573
1739905099
1740199664
1740612578
1740637578
1741149424
1741910512
1742320792
1742723751
1743385850
1744447421
1744625203
1745554079
1746846499
1747096001
1747631806
1748209940
1748673518
1750697774
1751117375
1751320967
1751400608
1751819997
1751873190
1751970547
1752468725
1752579969
1752967474
1753858974
1753968828
1754264175
1754536300
1755161229
1755574795
1755912707
1756206944
1756481768
1756858718
1757113218
1757167470
1757804966
1757926372
1758209576
1758992813
1759083811
1759129282
1759656226
1760767817
1761077690
1761858071
1762095202
1762260071
1762304561
1762397062
1762470193
1763137590
1763818278
1763986237
1764010238
1764280320
1764637209
1765517189
1766000605
1766655047
1767625860
1768375428
1768576401
1768940935
1769516770
1769835987
1770597750
1771087330
1771235338
1771259675
1771480040
1771803787
1772361031
1772417106
1772500136
1772892865
1773414295
1773596551
1773784618
1773856019
1774867467
1774982297
1775089833
1775456174
1776247317
1776790311
1776942000
1777244399
1777648016
1777828004
1777977257
1778134846
1778561541
1779675604
1780960656
1781962741
1782671347
1782805681
1782834514
1783031277
1784668755
1785093983
1787469267
1787605589
1788293715
1788367852
1789175048
1789601910
1789603410
1789772269
1789904908
1790837258
1790921366
1790944371
1791000459
1791090247
1791962882
1792158912
1792212207
1793035691
1794178723
1796043756
1796142572
1796729006
1796844612
1796851769
1796976071
1797216097
1798267579
1798402968
1798979877
1799107724
1799343182
1799435334
1799448910
1799483515
1799845754
1800260940
1800430786
1800554959
1801362504
1801957819
1802574868
1802644452
1802809361
1803922200
1804525827
1804857494
1804896782
1805097286
1805303893
1805668233
1807653127
1807732170
1808445061
1808471656
1808763566
1808806139
1809772576
1809776744
1809845171
1810114760
1810267436
1810814059
1811656628
1812026518
1812367088
1812985346
1813122840
1813350502
1813428131
1813521507
1814978106
1815143382
1815767716
1815940504
1816364371
1818025396
1818783013
1819143083
1819284264
1819374978
1819712566
1820003827
1820032305
1820190653
1820883141
1821646113
1821774131
1823153035
1823274983
1823447912
1823678242
1824669659
1824930719
1825538748
1825577528
1826430551
1826485307
1826677190
1826733754
1827919526
1830302571
1830444189
1831423412
1831444963
1831491412
1831599555
1832657667
1834028358
1834094827
1835106560
1835503544
1836086413
1836596653
1836639513
1836897535
1837171258
1837638414
1837741864
1839177221
1839608323
1839656217
1839840067
1840278401
1841056336
1841324936
1841332754
1841667678
1841718995
1842530285
1842879036
1843268799
1844258048
1844292540
1844373028
1844397756
1844827539
1844902418
1845250495
1845556421
1845879529
1846710400
1847407581
1847971808
1848262712
1848629533
1848915155
1848989922
1849436337
1850113691
1850175753
1850320615
1850538240
1851075663
1851478376
1851824176
1852000751
1853091788
1853366322
1854006550
1854010732
1854138089
1854510261
1855809612
1857019919
1857513023
1857933377
1858012413
1858584685
1858788590
1859657318
1859688644
1859826386
1860050148
1860299879
1860522152
1860896443
1860929402
1862478342
1863063030
1863828281
1863899583
1864082361
1864378465
1864591011
1864839451
1865195127
1865352668
1865540555
1865569350
1866608618
1867331215
1868101891
1868500850
1868842865
1868969261
1869587800
1871319334
1871498788
1871723052
1872393733
1872744028
1872836232
1873198065
1873283505
1873291721
1873589451
1875503981
1876051850
1876275568
1876819859
1877665506
1877843893
1878906784
1880056763
1880310715
1880481266
1880648247
1880941291
1881428188
1881434458
1881873511
1881998503
1882026389
1883057764
1883421748
1884332241
1884687826
1885046835
1885114287
1885580147
1886285799
1886628124
1887401676
1887825415
1887938056
1888094566
1888512888
1888583680
1889107889
1889896453
1889978759
1890000152
1890028133
1890808928
1890823173
1890846041
1891801567
1892995712
1893579462
1893612679
1893912846
1894522314
1894717845
1895104384
1895369671
1896078778
1896093121
1896223135
1896235299
1896642693
1896790697
1900073385
1900207659
1900257273
1900423734
1900436450
1902003668
1902243306
1902592107
1902874780
1904094541
1904441350
1904984479
1905721588
1905757443
1906041684
1906049332
1907121805
1907169686
1907224763
1907551805
1908220135
1908693606
1909177500
1909213501
1909615485
1909976913
1910131629
1910158692
1910964217
1911125240
1911435134
1913448808
1913683727
1913721651
1914198185
1914256169
1915086762
1915419348
1915570327
1915635253
1915958943
1917120355
1917727015
1918532991
1918545864
1919220232
1919505651
1919510847
1919674530
1919692526
1920167182
1920299016
1920408273
1920720549
1920727108
1921248524
1921259312
1921263336
1921273788
1922010804
1922412030
1923006225
1923048662
1923445858
1924442944
1925763841
1926048760
1926735157
1926980249
1927037100
1927310775
1927627468
1927667107
1928621193
1928705147
1928844177
1929632497
1931140001
1932054913
1932261574
1932448067
1932967961
1933305245
1934021865
1934304180
1934781466
1934860889
1935328127
1935512771
1935771922
1935802820
1936411583
1936826608
1936872627
1936979642
1937197246
1937336329
1937469612
1937838999
1937955474
1938585150
1938957128
1939145732
1939602357
1939660391
1940325426
1940408251
1940441980
1940639117
1940675699
1941874439
1942072062
1942283676
1942319253
1942756396
1942839307
1943253332
1943379384
1943390454
1943804695
1943999691
1944174663
1944534078
1944867848
1945274974
1946187039
1946285016
1946389396
1946562980
1947215360
1947303594
1948720834
1948856067
1950485862
1950585482
1950719685
1951567397
1951792708
1951923906
1952400944
1952409154
1952799400
1952954595
1954035646
1954291315
1954434131
1954776294
1954852911
1954870981
1955077200
1955137994
1955326276
1955558436
1955776401
1955837452
1955909152
1957150905
1957533343
1957616649
1957866537
1958750762
1958897468
1959129403
1959203020
1959248868
1959916372
1960402499
1960882340
1961056770
1962046674
1962258441
1962287207
1962854988
1962890671
1962954082
1963146760
1963578082
1964023194
1964111173
1964275675
1964410843
1964949874
1965271752
1966578557
1967196033
1967209009
1967271224
1967930826
1968879196
1968925607
1969437555
1969566089
1969705827
1969739365
1969831720
1970713476
1971368354
1971529508
1971719054
1972484875
1972681607
1973178195
1973455993
1974134747
1975543540
1975613472
1976007640
1976030348
1976150773
1976379961
1976947427
1977022885
1977208902
1977760333
1978522314
1978709453
1979032347
1979061901
1979179225
1979259624
1980041441
1980849323
1980987816
1981007215
1981281268
1981304656
1981689416
1982106860
1983736703
1984028371
1984733114
1984739976
1984927665
1984966368
1985053849
1985461251
1985462371
1985638841
1986167995
1986661505
1986717886
1986802421
1987185275
1987637892
1989936126
1992460131
1992629342
1993308140
1993686685
1994049987
1994067388
1995651808
1995718102
1996237231
1996773306
1997933343
1998200044
1998332704
1998745924
1999621786
1999989619
2000269150
2000591999
2000819882
2000899566
2001414495
2001473643
2001750014
2002200669
2002599263
2003043045
2003701179
2003923571
2004087075
2004530677
2004688966
2004984407
2005607634
2006158686
2006210420
2008272705
2008623577
2008647858
2009113131
2009341406
2009426853
2009934828
2010088414
2010715479
2010759390
2011245502
2011688931
2011809556
2012042424
2012798783
2013087832
2013204628
2014497823
2014714065
2015152876
2015520863
2015630399
2016076295
2016367910
2017102850
2018485739
2019048610
2019246882
2019969759
2020305174
2020806241
2021832119
2022643011
2022647093
2023039432
2023061158
2023122977
2024106225
2025493522
2026108087
2027932027
2028714331
2028778903
2028995242
2029043502
2029326965
2029351149
2029495051
2031234459
2031663178
2031926777
2032369523
2032705444
2034909601
2035456307
2035965197
2035977319
2036754865
2036869411
2037449952
2038286085
2038602252
2039627808
2039882574
2040162304
2040181458
2041445828
2042067352
2042335293
2043045423
2043046143
2044065393
2044627277
2044882439
2045272730
2046371852
2046421838
2046431757
2047230914
2047361137
2048401687
2048407854
2048419558
2049146506
2049527638
2049946222
2050264487
2050646077
2051355177
2051972968
2052249147
2052357780
2054115006
2054127594
2054914048
2054974858
2055089156
2055527544
2056230213
2056404173
2056484637
2056806640
2056830171
2057230129
2057987507
2058028214
2059465159
2059667820
2059882335
2060992374
2062059699
2062934252
2063377034
2064893628
2064992288
2065222386
2065423295
2065632067
2066683584
2066853898
2067170643
2067665498
2068547166
2068833239
2069011825
2069553646
2069984144
2070533716
2071365327
2071802940
2071965115
2072072660
2072111242
2072717903
2072770126
2073577008
2074514039
2074548677
2074641542
2074894626
2075312006
2075474523
2075936660
2076102631
2076437328
2076912735
2077090592
2077543616
2077647381
2077839012
2078702622
2079211309
2080281930
2080354894
2080784353
2081136713
2081661461
2081990873
2081997086
2082252582
2082926717
2083859873
2083925549
2083957572
2083988928
2084707737
2084759599
2085041705
2085047697
2085194814
2086683783
2086696180
2086915665
2086990696
2087263473
2087461505
2087794029
2088044383
2088352522
2088385753
2088825093
2088892855
2089535391
2089930510
2089979229
2090837675
2091029803
2091685320
2092030219
2092593202
2092951192
2093054245
2093518110
2093626161
2093888958
2094741178
2095116421
2095931079
2096197792
2096281325
2096519909
2096823783
2097037296
2097179684
2097261500
2097550307
2099413546
2100519208
2101004090
2101027479
2101761789
2101859973
2102815372
2102981016
2103892123
2105677103
2106020746
2106027438
2108047024
2108754924
2109294144
2109307066
2109557737
2109631784
2109755885
2110046477
2110325740
2111186602
2111419591
2111878434
2112896530
2113011343
2113025292
2113237755
2113347778
2113440614
2114378157
2114436756
2115283141
2116559020
2116756276
2117515288
2118802633
2119048596
2119089280
2119292684
2119526567
2119718635
2120428755
2120450830
2121089253
2122000678
2122146296
2122601648
2122663329
2122754276
2123495399
2123751635
2124052368
2125549305
2125646794
2126774006
2126960596
2127825877
2128230202
2128295265
2128513540
2129365174
2130385845
2130417204
2130829525
2132702662
2133145999
2133350928
2133359912
2134449777
2136617432
2136685481
2137065435
2138086949
2139679621
2139702869
2140280752
2140721126
2141042897
2141649753
2141814333
2142217454
2142578206
2143043887
2143122765
2144024940
2144312109
2144585297
2144745894
2144861971
2145634252
2145843578
2145890076
2146505084
2146559458
2146674872
2147007171
